PathFileType	4	(X/Y/Z)	 TrcFile
DataRate	CameraRate	NumFrames	NumMarkers	Units	OrigDataRate	OrigDataStartFrame	OrigNumFrames
30	30	22	25	mm	30	1	22
Frame#	Time	1			2			3			4			5			6			7			8			9			10			11			12			13			14			15			16			17			18			19			20			21			22			23			24			25			
		X1	Y1	Z1	X2	Y2	Z2	X3	Y3	Z3	X4	Y4	Z4	X5	Y5	Z5	X6	Y6	Z6	X7	Y7	Z7	X8	Y8	Z8	X9	Y9	Z9	X10	Y10	Z10	X11	Y11	Z11	X12	Y12	Z12	X13	Y13	Z13	X14	Y14	Z14	X15	Y15	Z15	X16	Y16	Z16	X17	Y17	Z17	X18	Y18	Z18	X19	Y19	Z19	X20	Y20	Z20	X21	Y21	Z21	X22	Y22	Z22	X23	Y23	Z23	X24	Y24	Z24	X25	Y25	Z25	

1	0.000000	-112.933879	-631.532986	5482.800800	-309.646263	-589.614896	5615.366403	-225.184631	-561.224383	5352.980843	-335.138990	-356.806720	5289.248546	-481.429908	-213.871562	5365.097646	-402.944131	-625.862453	5906.074311	-606.832937	-407.321537	6310.618878	-549.741480	-219.858402	5620.360787	-456.599196	-66.606381	5599.718978	-400.457884	-47.766359	5588.418992	-473.851893	352.514842	5472.018391	-551.296070	731.469865	5345.673037	-538.215643	-85.177025	5888.313964	-614.040182	359.884953	6059.061458	-669.456099	763.829223	5757.359627	-113.542213	-673.359080	5496.246511	-1293.639672	-1003.415167	3512.705184	-194.852028	-727.892596	5777.675489	-1293.639672	-1003.415167	3512.705184	-501.346010	815.171192	5780.652043	-489.508638	786.086144	5641.269519	-720.506644	804.997708	5715.062236	-385.535746	808.784381	5358.433136	-411.048849	798.049396	5229.663312	-592.860670	767.751471	5323.544968	
2	0.030000	-251.428822	-695.154628	5021.819660	-399.850581	-584.091491	5467.900988	-447.187275	-570.976588	4991.138346	-640.255902	-383.707612	5025.962523	-661.051812	-196.696548	5326.692949	-277.288429	-521.476528	5341.586120	-406.746286	-345.413555	5821.081762	-59.175141	-143.145162	909.425928	-512.197565	-77.374889	5321.132515	-559.164832	-92.837904	5188.411208	-576.470995	302.389712	4962.001968	-737.291697	694.300224	5174.034545	-473.783283	-66.853827	5588.508447	-549.209113	351.203072	5601.869113	-658.970431	753.736733	5751.768765	-291.285007	-754.574123	5145.227331	-224.278715	-741.478797	5147.903496	-350.880119	-734.764862	5147.998213	-189.995311	-697.285598	5134.300391	-487.615342	806.791824	5622.324982	-497.881819	784.940442	5631.568174	-693.645337	797.037919	5725.708077	-647.174151	748.580403	4937.763210	-693.881255	742.129597	4923.498597	-778.842281	739.307623	5282.309948	
3	0.060000	-280.747913	-734.662517	4821.354567	-348.745315	-544.993441	4878.841340	-500.435728	-578.617700	4875.385573	-649.064356	-366.607200	4905.887500	-649.666916	-120.993264	4733.356934	-188.731759	-511.083950	4878.481585	-229.035197	-285.545514	5042.414949	-248.086321	-144.474491	4610.444394	-452.485685	-39.134068	4953.891779	-545.273779	-55.081826	4840.597401	-623.633389	329.932609	4948.270301	-729.763161	691.064418	5179.843202	-356.491894	-21.988586	4968.908286	-374.251492	339.231447	4771.200471	-375.812272	691.497704	4683.517637	-299.279903	-756.596981	4734.606628	-229.954567	-748.378764	4737.598087	-353.381708	-725.415821	4727.061143	-197.994340	-703.624069	4724.309700	-381.065218	756.049882	4560.733071	-328.977261	750.094867	4568.749413	-397.890791	739.047718	4766.164226	-662.849343	747.886976	4933.008931	-757.716858	770.103179	5138.555047	-728.578823	719.655377	5170.442919	
4	0.090000	-89.813891	-749.421254	4371.931003	-149.067121	-545.357708	4416.401848	-295.992369	-573.114887	4338.395451	-440.956280	-353.175815	4361.755602	-485.189697	-126.712074	4304.383524	10.293271	-502.290233	4403.013178	25.555273	-258.927527	4616.243956	30.190696	-33.761261	4311.572525	-242.731355	-33.233693	4388.248773	-336.387810	-54.566879	4299.713824	-358.195079	308.335075	4058.461208	-437.455149	640.772551	4047.797505	-151.905529	-11.039271	4476.015906	-275.389334	388.490665	4562.421204	-389.581402	742.617455	4665.308407	-118.625836	-786.751191	4379.539764	-46.108493	-764.026078	4297.743932	-176.163542	-766.125549	4379.095084	-3.846689	-740.380129	4367.590752	-342.466733	811.521823	4451.234276	-307.256768	803.308685	4466.469225	-418.230842	770.091456	4645.576730	-422.648125	730.942505	4029.495783	-460.077344	704.051176	3953.652714	-444.551167	684.915208	4112.580629	
5	0.120000	-83.060385	-735.843119	3742.141369	-131.754510	-567.596219	3901.294984	-286.344763	-575.557045	3832.770203	-420.631310	-374.250187	3909.041833	-413.624279	-142.098466	3616.244406	22.541602	-551.136853	3956.462167	47.112149	-295.904944	3915.788361	72.689159	-72.280938	3941.481682	-162.924105	-47.763232	3866.080578	-264.283231	-58.027423	3861.772051	-333.114526	323.860356	3844.320482	-409.265439	702.460925	3963.114214	-61.333622	-40.532205	3867.186681	-17.643600	333.417735	3864.172719	-94.137252	638.633447	3614.168562	-121.582698	-783.707574	3809.210685	-46.044434	-763.169559	3744.238326	-171.403706	-768.138099	3805.203763	-9.341125	-764.460159	3861.673099	-44.844166	719.439118	3431.184256	-16.705232	704.126938	3438.972994	-129.892676	661.216410	3608.983860	-406.133526	785.463616	3870.999998	-450.247476	768.689877	3867.401552	-409.666300	738.202680	4032.090228	
6	0.160000	231.042815	-682.228224	3479.365833	189.910158	-519.234859	3680.117777	32.062786	-537.300963	3586.900945	-116.238911	-339.820335	3612.198774	13.247484	-240.943408	3485.157102	344.379590	-487.104192	3656.705546	352.456342	-241.846056	3683.501356	337.564694	-28.325542	3593.494983	114.125943	-3.814054	3608.012579	13.191183	-19.289932	3560.868327	-152.694629	337.186586	3605.293436	-327.408657	644.054598	3846.353582	214.201915	11.761958	3600.877971	171.957431	422.841384	3719.854409	134.442158	811.254682	3722.085788	200.725289	-732.486053	3542.700866	269.329358	-717.406562	3529.965690	150.919933	-721.887385	3599.829844	308.327334	-699.887299	3575.545306	196.348394	849.910780	3420.992167	220.127134	859.728048	3531.019168	97.713481	843.363284	3714.954544	-374.783271	760.186325	3746.257138	-417.478074	743.370259	3802.964871	-326.944712	661.765009	3913.134951	
7	0.190000	-48.560824	-713.467435	2861.611285	-42.746559	-572.832676	3068.599514	-194.119406	-583.687252	3073.171279	-308.929607	-374.360985	3158.466630	-337.225917	-151.912561	2950.229404	111.413773	-548.792829	3017.468107	149.652894	-299.165544	3104.704352	112.871126	-60.937208	2955.588295	-101.775118	-71.090526	2995.459936	-197.334491	-85.157754	3031.227761	-226.991788	306.238964	3088.868858	-266.182971	720.709339	3246.994959	-8.251422	-59.538624	2955.768047	-98.850535	264.860344	2757.734283	-108.276857	605.997143	2641.184506	-73.079335	-762.273577	2903.847295	-1.744069	-729.903231	2828.607502	-110.255613	-772.645724	2987.217905	50.365809	-727.412390	2896.417829	-138.192834	652.194713	2476.743175	-94.712392	632.530646	2401.938056	-124.126201	699.379759	2911.967371	-372.789643	760.221077	3030.147595	-378.339057	753.697189	3075.224281	-235.791252	738.980613	3197.663472	
8	0.230000	-93.767425	-709.580003	2573.878466	-107.566437	-581.230964	2917.109837	-263.678837	-615.079658	2954.125586	-374.825243	-393.767313	2947.258144	-438.619705	-191.022958	2827.158514	44.887946	-542.000360	2871.702280	67.843301	-282.007122	2871.517831	28.426961	-41.285861	2736.995024	-228.066534	-74.442910	2798.857401	-314.844953	-95.778075	2794.949766	-326.010452	298.986340	2727.533044	-264.094393	630.717339	2986.128730	-141.103377	-55.383480	2802.570778	-298.156186	300.466073	2802.916244	-428.662461	667.132292	2749.936526	742.469061	573.204026	-2015.871190	-42.375855	-693.305793	2517.835691	-52.064983	-250.458681	902.800441	-6.591134	-771.214782	2871.323597	-453.772739	718.821154	2560.172310	-421.927178	731.423486	2597.612748	-485.617890	745.194940	2960.308157	-343.887369	733.015191	2912.027968	-363.451918	736.140969	2993.525965	-228.411605	657.535062	3029.419985	
9	0.300000	-49.050822	-734.135804	2665.552847	-110.216497	-598.939894	2747.557103	-268.315935	-649.256031	2750.710599	-415.271576	-447.140854	2736.856228	-507.254359	-232.460128	2652.842845	47.787510	-556.438632	2770.947795	34.112740	-303.360259	2805.003409	-11.918350	-85.545176	2710.595874	-255.471987	-114.245172	2700.603805	-348.047977	-144.267234	2663.712646	-469.662939	152.304897	2656.539029	-515.170901	381.199540	2709.959072	-158.393092	-80.219463	2704.940162	-311.789214	296.059194	2762.635570	-443.983581	670.174280	2820.103226	-1293.639672	-1003.415167	3512.705184	-1293.639672	-1003.415167	3512.705184	-1293.639672	-1003.415167	3512.705184	42.034745	-723.126790	2631.749452	-462.648237	730.651980	2586.973347	-403.579679	708.800626	2509.607904	-504.512187	748.773481	3045.167089	-533.796626	501.625341	2646.861562	-558.521397	485.102679	2641.151699	-509.990720	397.908873	2779.110199	
10	0.310000	32.722860	-628.213956	2286.333075	-99.049912	-598.258424	2684.908659	-243.088167	-636.487464	2625.287368	-396.853382	-444.142942	2613.991121	-446.708470	-206.920189	2507.456490	42.865632	-552.083123	2737.130094	15.430225	-297.759307	2772.445969	1.224070	-60.365494	2676.036923	-197.776374	-112.970045	2582.295630	-285.861943	-134.738716	2575.766999	-227.410717	187.968654	2395.431258	-382.600692	587.846323	2535.491298	-115.823987	-90.998797	2644.254799	-232.797207	232.808937	2587.117581	-388.248840	585.915364	2630.800767	-1293.639672	-1003.415167	3512.705184	-1293.639672	-1003.415167	3512.705184	-1293.639672	-1003.415167	3512.705184	68.924445	-689.603126	2511.765879	-294.618776	660.244402	2394.072766	-1293.639672	-1003.415167	3512.705184	-479.444088	662.931007	2704.250014	-260.795160	599.469781	2206.834839	-304.526220	622.456352	2291.596657	-422.967505	608.877551	2553.493697	
11	0.330000	54.818747	-667.973569	2432.249964	-63.126615	-595.230178	2654.586756	-191.710275	-626.383167	2569.847490	-346.623611	-416.611826	2528.485828	-346.121549	-157.898270	2433.659230	69.543791	-553.921588	2737.090306	33.807716	-292.166882	2807.002332	19.931217	-44.663344	2805.560199	-152.852202	-77.434503	2610.311996	-231.227801	-96.152582	2576.825889	-173.252421	306.221127	2522.735312	-133.927573	687.694912	2471.712742	-72.303209	-60.265850	2641.958991	-276.344376	301.458300	2768.606830	-441.293639	666.174411	2745.930679	-1293.639672	-1003.415167	3512.705184	529.486217	409.024616	-1437.622514	663.779303	512.556219	-1802.229248	95.796130	-704.591239	2567.934409	-468.410946	739.514726	2618.355720	-484.831628	787.176633	2787.335433	-459.244233	702.390047	2772.083812	6.647962	635.701479	2103.996949	-17.675807	661.346038	2119.470716	-151.494642	734.580857	2492.298572	
12	0.360000	465.627786	359.794323	-1264.246417	97.884736	-597.723457	2530.679099	-29.845987	-608.497665	2457.368483	-147.742173	-371.499283	2400.596799	-119.193348	-97.044768	2366.481411	227.000640	-585.531311	2632.325461	219.536246	-311.436811	2607.203921	267.622195	-65.101730	2797.213492	65.975393	-65.183477	2470.177452	-19.095464	-71.984035	2470.923306	-42.566213	328.169882	2390.945834	-69.330505	709.273744	2340.994926	148.499986	-58.940725	2495.129169	124.292809	374.266795	2895.496710	-298.556200	649.721917	3254.213408	-1293.639672	-1003.415167	3512.705184	-1293.639672	-1003.415167	3512.705184	8.626363	-213.986755	775.246558	-1293.639672	-1003.415167	3512.705184	-278.278162	741.029805	2923.570716	-277.265141	741.560668	2964.689127	-336.631342	610.814183	3111.495880	10.666937	675.969741	2206.682464	-10.989383	690.067616	2159.463908	-91.251406	770.069865	2409.594491	
13	0.390000	-1293.639672	-1003.415167	3512.705184	248.548109	-598.627758	2544.864436	103.997425	-615.306921	2478.284894	-13.894571	-368.347050	2354.964014	44.363865	-102.400475	2187.233236	391.335741	-570.612848	2577.637715	396.430788	-304.027857	2672.788248	412.005827	-22.756409	2581.187218	220.825477	-36.803047	2433.162716	122.707573	-48.739138	2387.536623	16.656356	345.826580	2445.173980	-67.046447	726.735771	2392.021529	321.364486	-25.110065	2532.890991	391.749478	355.728194	2433.714423	444.505803	776.303797	2658.407129	-1293.639672	-1003.415167	3512.705184	-1293.639672	-1003.415167	3512.705184	-1293.639672	-1003.415167	3512.705184	-1293.639672	-1003.415167	3512.705184	451.135118	819.314538	2621.254208	474.072192	797.841695	2559.802328	426.944058	797.827761	2657.100965	10.485815	685.102272	2183.964874	-30.074402	724.899719	2268.253537	-84.466510	779.231537	2438.244899	
14	0.430000	119.104221	-147.574920	543.055704	499.443386	-518.352707	2386.584900	336.203517	-534.257254	2368.492556	227.106404	-320.877306	2411.025081	134.204679	-81.256624	2317.595664	655.805730	-495.259921	2371.747611	694.018293	-255.857713	2425.104100	682.567294	6.801981	2308.113506	432.544674	-9.180541	2434.221159	323.678302	-29.458409	2397.547037	164.056239	338.151447	2319.680474	11.951914	697.879818	2457.421730	534.402962	11.341710	2390.243865	501.095329	433.105819	2441.919528	486.003982	778.473423	2471.197425	-1293.639672	-1003.415167	3512.705184	-1293.639672	-1003.415167	3512.705184	-1293.639672	-1003.415167	3512.705184	575.385092	-609.350545	2253.563232	446.306915	775.820546	2475.528278	477.978762	788.920063	2471.330534	485.883610	788.407569	2469.921731	42.011145	736.466742	2347.132723	13.113313	11.241050	749.227965	-8.533412	727.285369	2509.988162	
15	0.460000	-1293.639672	-1003.415167	3512.705184	605.336098	-508.722541	2467.692668	451.224255	-547.570782	2534.102835	342.106886	-316.681466	2561.235842	227.767107	-87.621038	2466.062204	756.083768	-473.475988	2394.536372	787.091657	-231.720899	2371.098921	781.122746	13.378221	2330.875270	477.518294	4.972032	2400.650289	373.979830	-25.107936	2393.014980	206.410684	245.032739	2281.259085	298.274774	492.156836	2633.058315	291.623958	103.730802	-758.760307	307.654843	39.271634	-757.627592	318.589309	-13.718593	-737.719712	-1293.639672	-1003.415167	3512.705184	-1293.639672	-1003.415167	3512.705184	-1293.639672	-1003.415167	3512.705184	687.198379	-632.557694	2345.206527	328.644744	-14.153203	-761.002331	321.853106	-13.883502	-745.253391	318.571106	-13.731458	-737.664163	271.631659	636.338088	2586.752217	243.634987	617.372114	2561.138611	328.369369	496.260894	2631.337258	
16	0.490000	119.089163	-147.591132	543.087884	527.783249	-501.243667	2543.549510	374.191006	-535.012391	2605.546990	267.825782	-310.673540	2659.504593	169.295040	-97.429257	2497.102398	682.763992	-477.698275	2529.759879	701.394313	-230.702902	2509.790561	661.917861	18.672401	2470.992802	426.673543	4.550721	2518.339471	321.223950	-21.112424	2534.078684	187.878449	345.464738	2652.885702	36.945916	709.987442	2810.715469	535.753476	26.059112	2526.602156	504.145529	438.704448	2496.610759	494.106007	769.914262	2470.434608	-1293.639672	-1003.415167	3512.705184	-1293.639672	-1003.415167	3512.705184	106.301980	-155.276945	569.962582	627.246673	-668.857029	2473.177846	455.336250	781.986921	2502.086441	487.237998	797.375219	2498.035042	497.670837	787.639751	2467.825658	43.401099	796.880078	2659.663964	8.476652	785.730714	2659.198208	4.889975	766.506664	2995.991076	
17	0.520000	328.462017	-660.089990	2487.229080	327.538288	-541.205812	2915.106175	164.286189	-574.169064	2902.814703	39.507000	-344.565082	2844.234636	1.471461	-101.955727	2679.004500	495.264664	-508.512844	2917.454771	501.226735	-235.039748	2928.217042	491.998281	19.261106	2904.772827	262.161432	-5.854448	2790.229608	155.397504	-18.058661	2764.502672	83.790476	373.991891	2822.786532	14.023530	755.426698	2878.173439	370.344842	6.365815	2779.700525	398.528765	372.333672	2637.809066	367.440539	815.525629	2873.754933	311.002584	-701.598168	2571.296848	368.584998	-690.076219	2533.349445	281.291435	-746.620887	2733.145079	453.085056	-723.429099	2799.867924	361.822504	777.626706	2479.771785	400.491091	804.037377	2626.986815	347.568168	874.623038	2986.336141	47.200410	787.385751	2628.122016	-4.626006	795.087813	2690.938184	-0.076678	809.070355	2988.789896	
18	0.560000	279.630884	-759.963590	2918.151335	234.197613	-537.275334	3004.417190	80.816954	-562.214628	2981.805951	-41.698586	-330.331989	2955.389884	-96.570221	-95.491236	2847.692016	393.704021	-517.355598	3058.258388	404.507792	-245.195343	3068.546162	415.070728	-2.785886	3038.988408	182.428241	-4.562412	2904.872974	89.683273	-19.177050	2836.824371	67.502140	342.558371	2721.171565	9.155372	738.994018	2842.438384	275.768520	8.173468	2935.182545	205.539658	439.145132	3374.664121	-11.119561	681.187501	3495.763800	246.828272	-779.793177	2919.383664	316.996865	-786.064220	2947.746042	196.895264	-742.607777	2882.749600	354.103209	-716.465610	2891.621901	71.394563	670.754523	3100.922505	472.937444	39.644904	-1148.581268	-67.296802	675.390459	3438.061986	42.931934	785.414450	2629.029441	-4.654942	792.883216	2690.621150	-14.807861	799.666342	2990.325022	
19	0.600000	263.809836	-703.624378	3061.569643	195.449437	-534.320136	3264.294992	54.157460	-557.987149	3146.929285	-85.073562	-349.323902	3120.821097	-115.170507	-106.687737	2962.379166	346.984509	-500.240144	3333.168567	336.995838	-234.579828	3403.796629	319.152768	6.454143	3227.389196	99.658286	-18.804743	3159.399383	11.801652	-40.292367	3160.469330	15.610205	332.475899	3063.586433	-34.104890	701.998021	2963.242890	187.307527	5.236552	3240.237428	59.902824	375.765520	3285.803809	-75.316981	792.838086	3531.943632	232.676075	-752.944139	3109.451955	303.063785	-742.682210	3103.652228	181.940492	-732.127584	3114.521370	346.605000	-715.857148	3176.412045	-128.145457	1183.756051	4596.840936	481.144436	15.559279	-1147.745848	-133.445726	869.225028	3695.598289	-5.346470	859.658626	3254.691772	-49.767224	800.091802	3029.350656	-52.731862	727.156203	2917.550073	
20	0.640000	165.268520	-765.873509	3301.359360	98.271951	-570.833287	3426.793840	-47.602606	-611.440837	3392.660534	-182.325689	-381.938050	3306.315311	-185.868464	-125.317721	3170.621563	249.946709	-536.839164	3508.978101	239.227612	-255.488923	3522.887803	238.076416	0.303538	3433.180404	1.500584	-23.332899	3298.132804	-102.624510	-51.950541	3348.669323	-237.953592	291.104477	3232.635002	-449.629603	628.505361	3563.249372	100.014877	-0.894068	3342.038094	6.344842	381.101500	3383.082924	-78.355275	765.444585	3422.154793	138.661689	-800.494262	3308.945837	206.183076	-803.531529	3349.462159	87.098596	-800.254449	3407.488692	251.062995	-773.427096	3434.918413	-5.279929	822.201017	3213.445971	16.170106	830.859280	3311.639034	-119.170516	811.698388	3463.383942	-527.384089	777.948469	3573.551297	-556.369419	747.996686	3571.068927	-463.997819	660.867569	3677.300976	
21	0.670000	-54.599429	-741.338221	3180.228045	-110.937564	-558.876876	3289.769576	-265.368971	-599.015555	3335.804552	-386.422576	-379.840543	3288.910554	-360.570678	-132.259735	3109.831235	35.771651	-538.380906	3375.181165	57.687085	-283.101315	3384.637201	74.295016	-45.337453	3396.388334	-200.952181	-48.606177	3247.672640	-306.004831	-69.097814	3288.884793	-474.745587	292.576895	3452.534871	-617.037766	640.223339	3453.315408	-101.055799	-32.203144	3295.442659	-73.519437	356.055023	3234.518912	-78.432478	765.043599	3419.869898	-74.676328	-766.669754	3144.465493	-18.253028	-775.197351	3226.244502	-138.383239	-791.946539	3321.871641	24.183001	-741.408379	3265.065551	-5.153280	783.183902	3080.880886	15.509950	788.217365	3172.747436	-113.742799	815.169363	3465.495794	-623.784456	748.858631	3426.748096	-666.641766	729.638529	3416.810816	-631.400660	675.026687	3501.386996	
22	0.700000	-248.126261	-797.441066	3325.780843	-312.361991	-621.723315	3491.697926	-464.608717	-638.449186	3431.822534	-600.978243	-411.692913	3469.196273	-677.374953	-166.527387	3451.088405	-160.212866	-609.332847	3548.818178	-153.964092	-354.604588	3669.880616	-164.915163	-109.652326	3509.783379	-359.078147	-93.715431	3493.242476	-453.855666	-104.114282	3428.602144	-544.072022	284.443707	3497.184974	-622.180067	648.280383	3450.708253	-256.930618	-81.630957	3503.674572	-250.541312	322.330527	3484.187331	-356.603957	736.393574	3751.889909	-281.407267	-832.348418	3332.780729	-210.390607	-825.649689	3333.138445	-345.320420	-834.082334	3425.757646	-168.877777	-797.099146	3375.845255	-266.849200	818.019682	3618.338304	-237.888577	799.366739	3628.280193	-399.155142	783.997146	3802.111486	-614.296248	734.789338	3375.181481	-656.879824	718.788389	3366.454740	-610.494624	676.272984	3448.201608	
